,Buyout and Growth,Commodity,Emerging Markets Fixed Income,Event Driven,Global Macro,Hedged Equity,Fund of Funds,Non-US Developed Equities,Emerging Markets Equities,US Fixed Income,US Equities,Long/Short Credit,MultiStratHF,Private Real Asset,PRIVATE DEBT,MultiStratPE,Secondaries,REAL ESTATE,REITs
Buyout and Growth,1.0,0.23,0.36,0.75,0.62,0.88,0.88,0.57,0.51,0.27,0.62,0.8,0.91,0.63,0.17,0.21,0.21,0.04,0.42
Commodity,0.23,1.0,0.12,0.19,0.12,0.22,0.22,0.28,0.31,0.07,0.19,0.21,0.24,0.19,0.06,0.07,0.07,0.0,0.16
Emerging Markets Fixed Income,0.36,0.12,1.0,0.41,0.27,0.32,0.32,0.3,0.43,0.39,0.36,0.32,0.35,0.4,0.07,0.1,0.1,0.0,0.3
Event Driven,0.75,0.19,0.41,1.0,0.32,0.7,0.7,0.58,0.53,0.16,0.6,0.61,0.76,0.61,0.17,0.24,0.24,0.05,0.4
Global Macro,0.62,0.12,0.27,0.32,1.0,0.4,0.4,0.18,0.18,0.11,0.16,0.32,0.53,0.17,0.01,0.07,0.07,0.02,0.06
Hedged Equity,0.88,0.22,0.32,0.7,0.4,1.0,1.0,0.62,0.54,0.18,0.69,0.67,0.83,0.69,0.18,0.22,0.22,0.05,0.47
Fund of Funds,0.88,0.22,0.32,0.7,0.4,1.0,1.0,0.62,0.54,0.18,0.69,0.67,0.83,0.69,0.18,0.22,0.22,0.05,0.47
Non-US Developed Equities,0.57,0.28,0.3,0.58,0.18,0.62,0.62,1.0,0.69,0.17,0.66,0.48,0.68,0.66,0.16,0.23,0.23,0.04,0.5
Emerging Markets Equities,0.51,0.31,0.43,0.53,0.18,0.54,0.54,0.69,1.0,0.15,0.63,0.44,0.57,0.63,0.13,0.2,0.2,0.03,0.48
US Fixed Income,0.27,0.07,0.39,0.16,0.11,0.18,0.18,0.17,0.15,1.0,0.19,0.38,0.2,0.31,0.05,0.05,0.05,-0.02,0.21
US Equities,0.62,0.19,0.36,0.6,0.16,0.69,0.69,0.66,0.63,0.19,1.0,0.51,0.65,0.99,0.16,0.26,0.26,0.04,0.62
Long/Short Credit,0.8,0.21,0.32,0.61,0.32,0.67,0.67,0.48,0.44,0.38,0.51,1.0,0.76,0.55,0.19,0.16,0.16,-0.01,0.42
MultiStratHF,0.91,0.24,0.35,0.76,0.53,0.83,0.83,0.68,0.57,0.2,0.65,0.76,1.0,0.65,0.19,0.25,0.25,0.05,0.42
Private Real Asset,0.63,0.19,0.4,0.61,0.17,0.69,0.69,0.66,0.63,0.31,0.99,0.55,0.65,1.0,0.16,0.25,0.25,0.04,0.62
PRIVATE DEBT,0.17,0.06,0.07,0.17,0.01,0.18,0.18,0.16,0.13,0.05,0.16,0.19,0.19,0.16,1.0,0.14,0.14,0.03,0.14
MultiStratPE,0.21,0.07,0.1,0.24,0.07,0.22,0.22,0.23,0.2,0.05,0.26,0.16,0.25,0.25,0.14,1.0,1.0,0.05,0.18
Secondaries,0.21,0.07,0.1,0.24,0.07,0.22,0.22,0.23,0.2,0.05,0.26,0.16,0.25,0.25,0.14,1.0,1.0,0.05,0.18
REAL ESTATE,0.04,0.0,0.0,0.05,0.02,0.05,0.05,0.04,0.03,-0.02,0.04,-0.01,0.05,0.04,0.03,0.05,0.05,1.0,0.03
REITs,0.42,0.16,0.3,0.4,0.06,0.47,0.47,0.5,0.48,0.21,0.62,0.42,0.42,0.62,0.14,0.18,0.18,0.03,1.0
